0 0.986
0.003 0.882
0.005 0.778
0.008 0.674
0.01 0.57
0.013 0.532
0.015 0.494
0.018 0.456
0.02 0.417
0.023 0.396
0.025 0.374
0.028 0.353
0.03 0.331
0.033 0.317
0.035 0.303
0.038 0.288
0.04 0.274
0.043 0.266
0.045 0.257
0.048 0.249
0.05 0.241
0.053 0.236
0.055 0.232
0.058 0.227
0.06 0.223
0.063 0.221
0.065 0.22
0.068 0.219
0.07 0.218
0.073 0.217
0.075 0.217
0.078 0.216
0.08 0.216
0.083 0.215
0.085 0.215
0.088 0.214
0.09 0.214
0.093 0.213
0.095 0.213
0.098 0.212
0.1 0.211
0.103 0.21
0.105 0.21
0.108 0.209
0.11 0.208
0.113 0.207
0.115 0.206
0.118 0.205
0.12 0.204
0.123 0.202
0.125 0.201
0.128 0.2
0.13 0.198
0.133 0.196
0.135 0.194
0.138 0.192
0.14 0.19
0.143 0.187
0.145 0.185
0.148 0.182
0.15 0.18
0.153 0.178
0.155 0.176
0.158 0.174
0.16 0.171
0.163 0.169
0.165 0.167
0.168 0.166
0.17 0.164
0.173 0.162
0.175 0.16
0.178 0.159
0.18 0.157
0.183 0.156
0.185 0.154
0.188 0.152
0.19 0.151
0.193 0.15
0.195 0.149
0.198 0.147
0.2 0.146
0.203 0.145
0.205 0.145
0.208 0.144
0.21 0.143
0.213 0.142
0.215 0.142
0.218 0.141
0.22 0.14
0.223 0.14
0.225 0.139
0.228 0.138
0.23 0.138
0.233 0.137
0.235 0.137
0.238 0.136
0.24 0.136
0.243 0.136
0.245 0.135
0.248 0.135
0.25 0.135
0.253 0.134
0.255 0.134
0.258 0.134
0.26 0.133
0.263 0.133
0.265 0.133
0.268 0.133
0.27 0.133
0.273 0.132
0.275 0.132
0.278 0.132
0.28 0.131
0.283 0.131
0.285 0.131
0.288 0.131
0.29 0.131
0.293 0.13
0.295 0.13
0.298 0.13
0.3 0.13
0.303 0.13
0.305 0.13
0.308 0.13
0.31 0.13
0.313 0.129
0.315 0.129
0.318 0.129
0.32 0.129
0.323 0.129
0.325 0.129
0.328 0.129
0.33 0.129
0.333 0.129
0.335 0.129
0.338 0.129
0.34 0.128
0.343 0.128
0.345 0.128
0.348 0.128
0.35 0.128
0.353 0.128
0.355 0.128
0.358 0.128
0.36 0.128
0.363 0.128
0.365 0.128
0.368 0.128
0.37 0.128
0.373 0.128
0.375 0.128
0.378 0.128
0.38 0.127
0.383 0.127
0.385 0.127
0.388 0.127
0.39 0.127
0.393 0.127
0.395 0.127
0.398 0.127
0.4 0.127
0.403 0.127
0.405 0.127
0.408 0.127
0.41 0.126
0.413 0.126
0.415 0.126
0.418 0.126
0.42 0.126
0.423 0.126
0.425 0.126
0.428 0.126
0.43 0.126
0.433 0.125
0.435 0.125
0.438 0.125
0.44 0.125
0.443 0.125
0.445 0.125
0.448 0.124
0.45 0.124
0.453 0.124
0.455 0.124
0.458 0.124
0.46 0.124
0.463 0.124
0.465 0.124
0.468 0.123
0.47 0.123
0.473 0.123
0.475 0.122
0.478 0.122
0.48 0.122
0.483 0.121
0.485 0.121
0.488 0.12
0.49 0.12
0.493 0.119
0.495 0.117
0.498 0.116
0.5 0.115
0.503 0.113
0.505 0.111
0.508 0.109
0.51 0.107
0.513 0.106
0.515 0.105
0.518 0.104
0.52 0.103
0.523 0.102
0.525 0.101
0.528 0.1
0.53 0.1
0.533 0.099
0.535 0.098
0.538 0.098
0.54 0.097
0.543 0.097
0.545 0.096
0.548 0.096
0.55 0.095
0.553 0.095
0.555 0.095
0.558 0.095
0.56 0.094
0.563 0.094
0.565 0.094
0.568 0.094
0.57 0.093
0.573 0.093
0.575 0.093
0.578 0.093
0.58 0.093
0.583 0.093
0.585 0.093
0.588 0.093
0.59 0.092
0.593 0.092
0.595 0.092
0.598 0.092
0.6 0.092
0.603 0.092
0.605 0.092
0.608 0.092
0.61 0.092
0.613 0.092
0.615 0.092
0.618 0.092
0.62 0.092
0.623 0.092
0.625 0.092
0.628 0.091
0.63 0.091
0.633 0.091
0.635 0.091
0.638 0.091
0.64 0.091
0.643 0.091
0.645 0.091
0.648 0.091
0.65 0.091
0.653 0.091
0.655 0.091
0.658 0.091
0.66 0.091
0.663 0.091
0.665 0.091
0.668 0.09
0.67 0.09
0.673 0.09
0.675 0.09
0.678 0.09
0.68 0.09
0.683 0.09
0.685 0.09
0.688 0.09
0.69 0.09
0.693 0.09
0.695 0.09
0.698 0.09
0.7 0.09
0.703 0.09
0.705 0.09
0.708 0.09
0.71 0.09
0.713 0.09
0.715 0.09
0.718 0.09
0.72 0.09
0.723 0.09
0.725 0.09
0.728 0.09
0.73 0.09
0.733 0.09
0.735 0.09
0.738 0.09
0.74 0.09
0.743 0.09
0.745 0.09
0.748 0.09
0.75 0.09
0.753 0.089
0.755 0.089
0.758 0.089
0.76 0.089
0.763 0.089
0.765 0.089
0.768 0.089
0.77 0.089
0.773 0.089
0.775 0.089
0.778 0.089
0.78 0.089
0.783 0.089
0.785 0.089
0.788 0.089
0.79 0.089
0.793 0.089
0.795 0.089
0.798 0.089
0.8 0.089
0.803 0.089
0.805 0.089
0.808 0.089
0.81 0.089
0.813 0.089
0.815 0.089
0.818 0.089
0.82 0.089
0.823 0.088
0.825 0.088
0.828 0.088
0.83 0.088
0.833 0.088
0.835 0.088
0.838 0.088
0.84 0.088
0.843 0.088
0.845 0.088
0.848 0.088
0.85 0.088
0.853 0.088
0.855 0.088
0.858 0.088
0.86 0.087
0.863 0.087
0.865 0.087
0.868 0.087
0.87 0.087
0.873 0.087
0.875 0.087
0.878 0.087
0.88 0.087
0.883 0.087
0.885 0.087
0.888 0.087
0.89 0.087
0.893 0.087
0.895 0.087
0.898 0.087
0.9 0.086
0.903 0.086
0.905 0.086
0.908 0.086
0.91 0.086
0.913 0.086
0.915 0.086
0.918 0.085
0.92 0.085
0.923 0.085
0.925 0.085
0.928 0.084
0.93 0.084
0.933 0.084
0.935 0.083
0.938 0.083
0.94 0.083
0.943 0.082
0.945 0.081
0.948 0.081
0.95 0.08
0.953 0.079
0.955 0.078
0.958 0.077
0.96 0.076
0.963 0.074
0.965 0.073
0.968 0.071
0.97 0.069
0.973 0.066
0.975 0.063
0.978 0.061
0.98 0.058
0.983 0.053
0.985 0.049
0.988 0.044
0.99 0.04
0.993 0.031
0.995 0.023
0.998 0.015
1 0.006
